8.964266115646559285e+00 2.666216085884303144e+00
8.982424600032100415e+00 1.990195699604234258e+00
-3.604365338910293559e+01 1.421796014255960472e-11
8.019779961382768718e+00 2.255181856183297473e+00
7.726039631903447003e+00 3.657372876772404524e+00
8.372074915648898497e+00 3.952703109185926600e+00
9.073022709881378489e+00 3.850976404230390227e+00
9.630411234794124198e+00 3.980684663529953760e+00
9.905619465307275107e+00 4.089578266628654646e+00
9.615193768155370080e+00 4.018549493043471976e+00
8.961346761931924476e+00 3.911626546873978150e+00
8.608604500407366800e+00 3.827743909265290512e+00
8.723862326342485929e+00 3.839046695405741172e+00
9.019880062783325769e+00 3.905667169817511830e+00
9.233207957343511296e+00 3.959710344402325610e+00
9.271937341111499364e+00 3.964936787244639049e+00
9.147902604998138898e+00 3.917003898341947288e+00
9.559639917040474444e+00 3.737112327441000303e+00
9.286909770963532651e+00 3.672964567622643006e+00
8.340551693643377007e+00 3.744897581446481993e+00
8.867759498433365195e+00 3.612816343444762879e+00
8.723690087443678465e+00 3.552848644058542948e+00
7.900558693088179929e+00 3.569151331976782693e+00
8.509057837769899990e+00 3.396969646984732361e+00
8.442565782112655626e+00 3.353099502672515442e+00
8.369208958492652783e+00 3.285991380424781116e+00
8.746788216788335291e+00 3.215448841197942720e+00
8.282026935673879819e+00 3.170670726534721151e+00
8.260481629784974800e+00 3.129775736328651803e+00
8.632023041910827033e+00 3.107369147835489454e+00
8.577544236471197792e+00 3.091009196115626967e+00
8.531386354038888342e+00 3.057597214264553553e+00
8.496443227410706456e+00 3.010975094175310840e+00
8.461697283932879898e+00 2.975294727199133682e+00
8.455296436867373089e+00 2.938296746335723686e+00
8.470878339380698563e+00 2.900798937255884891e+00
8.489136045981174661e+00 2.865984258846863586e+00
8.796666964692741786e+00 2.822838011261002311e+00
8.774855596402252544e+00 2.785477213965521504e+00
8.435908231923912481e+00 2.754839109788633777e+00
8.710496250838092536e+00 2.694405608380646466e+00
8.926783596485554639e+00 2.635817373067049996e+00
8.714864705591242711e+00 2.571689406031364644e+00
8.753313865843574959e+00 2.542159020254226576e+00
9.044995877495590975e+00 2.558506017030044877e+00
9.175652273976215412e+00 2.580444651614655083e+00
9.307389653038280031e+00 2.623442933909151620e+00
9.411381714097331042e+00 2.666241120613283222e+00
9.467723226646196366e+00 2.691697918480931317e+00
9.661518146028319265e+00 2.687874726537971881e+00
9.634038433457851269e+00 2.662625474685341942e+00
9.588299517006662498e+00 2.654883192199767539e+00
9.581712916455394691e+00 2.634249173817350798e+00
9.598790877284999468e+00 2.615806129869475694e+00
9.780005913273804197e+00 2.616219738272281159e+00
9.843611165695945076e+00 2.599634197985059458e+00
9.887309758202611931e+00 2.630093530083096987e+00
1.009473577491168861e+01 2.618202286158779035e+00
1.013017496479299595e+01 2.622013423449466529e+00
1.014263099890614939e+01 2.614682776339148251e+00
1.026552569801367731e+01 2.575220664164744822e+00
1.008457981690287752e+01 2.586231309978413329e+00
1.003075967350082465e+01 2.572670358417713299e+00
1.019616358960440472e+01 2.564913846636628136e+00
1.012816084054210819e+01 2.555666287641060741e+00
1.006824477398200379e+01 2.525178486481146845e+00
9.999037175563310953e+00 2.517185087814040489e+00
9.925646924532300019e+00 2.514040326265472025e+00
9.969268439569313855e+00 2.506434676124738914e+00
9.895827374749226024e+00 2.522976999224920469e+00
9.930604219103988939e+00 2.501216418985652279e+00
9.990716791994675106e+00 2.432912689712476428e+00
9.877083750672214890e+00 2.392777273211063260e+00
9.904044598402917288e+00 2.377231255904232121e+00
9.933986924474913494e+00 2.332348093600089101e+00
9.781832164782764849e+00 2.291314438822666055e+00
9.772398626079260353e+00 2.243610100233507154e+00
9.740932283855899598e+00 2.223513226143780663e+00
9.582262386764552886e+00 2.197020096904285680e+00
9.291169022190182147e+00 2.138336095522344049e+00
